30
1
2 
2
2 2 
2
5 4 
2
4 5 
3
2 2 2 
3
2 3 2 
3
3 2 3 
3
6 6 6 
4
4 3 8 1 
4
3 4 1 9 
4
3 4 5 2 
4
1 1 1 1 
5
5 4 7 2 9 
5
5 10 7 2 9 
5
10 1 3 2 11 
5
5 4 4 4 4 
10
2 5 6 9 2 10 1 2 10 2 
20
13 5 3 5 7 12 7 4 3 8 9 2 5 8 2 20 5 8 10 15 
30
27 22 22 29 27 14 29 3 19 11 22 27 27 1 27 13 6 5 21 20 10 14 24 29 11 19 23 17 14 3 
40
7 33 16 22 23 8 31 14 29 5 15 11 22 4 33 5 40 16 14 29 16 20 11 32 4 25 7 6 27 25 11 23 28 12 17 40 29 24 7 10 
50
48 42 42 31 29 16 50 1 20 4 13 7 1 13 28 36 25 44 1 45 17 50 37 9 18 10 17 44 7 45 22 8 23 24 4 19 6 32 3 15 19 7 4 24 10 27 6 28 32 10 
60
28 44 17 21 11 8 27 4 14 23 45 34 34 52 53 9 28 53 51 16 12 51 27 14 52 51 36 50 30 55 51 54 27 4 50 56 44 54 53 26 53 12 2 37 55 38 48 18 18 48 47 30 36 49 58 44 29 12 17 50 
70
3 18 11 36 17 66 49 31 47 14 69 59 43 61 61 12 62 55 39 56 51 17 54 26 26 25 27 11 22 66 35 65 24 40 44 24 7 60 66 67 6 63 6 61 3 57 24 12 19 64 22 68 37 29 32 56 21 51 39 65 61 65 24 24 17 35 49 7 27 3 
80
17 72 66 41 2 74 74 21 17 36 69 32 9 19 33 51 29 80 18 15 74 67 57 33 10 78 9 69 42 9 21 58 31 25 29 69 20 39 43 55 54 30 41 19 20 5 54 11 1 30 73 10 77 29 4 56 19 13 60 57 36 16 8 55 51 38 57 33 18 80 25 52 13 52 70 41 37 20 17 31 
90
71 68 30 73 6 3 71 69 51 23 77 50 27 3 88 29 83 37 51 52 6 16 20 81 35 50 43 17 79 30 35 52 5 90 38 69 7 21 3 26 13 25 90 77 74 88 22 74 84 47 4 83 6 73 71 4 68 10 52 26 88 73 24 85 68 2 27 52 88 34 66 55 51 3 60 84 65 12 87 9 62 54 10 42 8 41 10 80 66 60 
100
60 12 21 96 83 54 93 6 14 84 81 79 48 1 83 13 18 93 65 51 30 3 45 63 89 18 70 53 23 49 23 70 40 20 63 94 36 28 68 30 26 54 68 56 38 35 57 20 65 94 32 23 38 50 57 50 42 69 12 45 91 2 3 8 13 51 58 26 5 6 87 89 46 81 55 49 96 15 97 84 14 9 74 13 5 49 28 3 59 82 34 29 29 12 44 64 7 14 76 8 
200
199 140 20 94 25 94 155 14 143 142 193 157 137 144 133 181 46 77 26 107 91 32 37 88 11 85 154 136 8 75 103 8 145 159 137 27 12 43 94 62 6 159 171 58 129 167 39 2 53 116 23 110 10 56 107 128 181 172 73 165 26 100 41 45 32 70 41 174 43 182 81 190 118 158 186 144 15 68 98 10 23 164 19 132 18 48 46 35 164 101 73 158 125 112 105 97 199 161 100 88 109 87 141 150 54 171 157 8 138 73 136 155 132 165 183 165 1 2 132 90 152 113 59 61 98 32 62 154 20 161 145 129 130 164 48 142 63 47 142 47 34 197 128 6 155 102 113 32 71 38 135 21 80 127 133 88 160 75 194 33 111 76 10 25 180 47 60 126 200 74 92 160 97 121 194 123 149 39 106 198 101 170 133 43 61 104 33 56 49 81 164 166 65 165 94 72 56 32 80 141 
400
162 322 359 250 45 148 206 114 273 288 331 295 282 40 24 62 142 186 157 221 226 291 52 40 146 289 125 205 17 109 163 253 253 137 95 156 118 182 220 42 96 234 346 259 136 255 151 164 148 159 43 239 45 367 386 97 257 26 367 161 340 96 111 108 184 78 316 319 381 320 36 260 26 243 249 162 300 112 378 126 110 22 321 70 218 72 142 95 111 263 117 380 132 240 211 211 140 249 102 219 90 216 142 169 246 326 335 11 144 306 344 276 101 248 89 345 145 227 48 347 164 32 197 374 119 150 263 281 80 163 38 104 292 360 370 191 13 104 196 119 156 125 379 397 1 92 346 97 216 282 113 285 38 46 104 55 53 361 51 296 237 115 34 126 324 264 136 302 358 211 223 302 184 154 154 291 361 186 220 262 282 148 327 396 272 392 294 38 344 369 239 150 250 274 3 372 145 271 41 400 250 222 10 344 330 335 62 44 309 107 6 48 317 297 395 386 104 71 360 45 357 102 243 125 336 54 258 67 276 117 331 331 304 98 12 365 93 310 173 33 47 310 34 295 282 66 374 245 119 193 324 130 182 81 359 387 214 153 341 339 356 66 135 233 337 102 253 356 55 247 176 250 316 259 327 18 232 182 302 254 4 384 308 254 3 153 67 224 181 275 262 252 122 15 102 192 308 82 53 279 128 9 207 79 167 266 46 298 111 269 365 309 23 12 398 376 356 295 96 46 373 234 27 6 61 147 223 216 354 94 300 364 146 52 386 151 54 20 381 87 57 112 265 130 250 219 316 266 304 145 20 243 365 328 14 72 55 182 9 235 115 307 347 44 130 128 82 188 241 56 221 241 28 326 220 220 291 135 213 122 399 337 169 265 310 228 326 156 141 129 286 63 270 168 376 254 299 86 277 164 
400
1 286 390 384 272 119 364 237 202 391 209 17 186 31 213 278 263 87 235 168 249 394 197 334 44 102 108 204 322 333 5 104 110 399 208 12 366 92 147 27 40 4 183 359 297 17 114 67 393 232 245 21 131 12 261 302 132 243 191 268 98 173 280 288 255 98 164 188 174 12 200 351 341 165 321 260 259 113 374 7 4 239 59 298 130 76 56 40 239 9 74 328 177 271 168 83 61 128 40 281 151 271 3 161 8 210 38 400 353 262 219 124 175 293 279 385 47 244 101 275 340 256 3 230 71 186 348 43 63 47 358 395 241 221 284 360 25 387 78 162 218 41 184 296 194 256 240 304 274 267 100 121 156 190 228 94 317 38 379 238 334 25 164 170 150 47 91 174 114 257 289 3 151 17 388 356 22 139 143 48 290 26 173 112 111 125 324 10 171 11 143 229 321 278 12 317 203 124 216 41 136 291 184 43 239 118 169 24 227 59 250 345 103 360 120 33 4 389 202 368 216 50 63 360 49 60 181 350 187 93 235 194 262 306 169 146 395 305 142 204 352 282 394 227 42 205 62 324 307 252 208 266 125 258 51 30 278 245 119 83 140 184 140 49 34 293 157 240 19 329 43 88 214 319 71 262 195 161 261 145 38 300 317 366 129 36 195 225 247 248 169 373 230 295 308 174 4 260 156 156 270 38 152 355 268 354 378 121 105 317 102 240 82 92 169 69 317 47 103 215 364 94 181 140 146 114 57 224 197 55 207 368 165 240 301 102 347 156 41 213 309 328 249 376 2 101 204 182 233 379 199 25 15 190 98 111 136 224 164 176 13 343 380 178 111 240 370 313 155 68 190 114 63 42 247 370 332 46 62 11 12 16 252 367 325 384 360 216 335 105 14 359 355 27 285 363 373 237 256 228 
400
3 210 47 40 318 204 326 262 184 287 215 266 46 7 316 305 393 236 79 285 208 165 77 218 272 395 88 2 238 191 301 303 44 319 6 207 314 149 32 76 207 64 399 396 88 23 160 54 225 187 95 55 370 173 107 292 251 208 263 145 19 223 34 81 173 370 89 334 348 77 156 124 393 266 350 217 178 169 304 88 69 20 81 366 334 24 271 300 253 240 145 110 219 116 232 227 223 19 322 15 76 285 273 237 173 20 236 249 147 339 213 61 78 32 75 90 363 110 352 281 381 246 366 50 399 215 85 157 201 171 24 72 241 92 377 264 51 102 194 147 52 127 5 318 116 261 150 274 18 119 216 100 276 119 293 325 375 158 67 375 324 1 83 338 148 82 75 246 245 297 86 241 237 53 10 355 382 125 75 31 11 364 46 101 90 237 160 95 154 147 200 137 247 269 251 276 156 135 287 236 137 4 113 57 373 363 43 387 21 224 352 314 349 388 170 20 278 287 166 392 305 109 126 218 267 375 248 392 82 292 221 181 23 32 140 228 20 203 367 120 16 228 351 41 192 296 36 9 273 134 271 183 147 37 396 84 120 168 258 356 301 352 61 344 104 67 94 58 163 76 160 40 392 259 302 4 30 319 4 75 178 185 275 5 297 82 314 13 85 71 97 145 278 180 279 172 355 343 238 18 346 247 117 124 244 181 375 165 236 17 386 211 274 64 203 266 123 156 63 78 347 157 13 103 101 199 259 170 193 35 134 150 32 211 214 300 381 368 1 386 149 246 374 329 280 3 317 174 352 300 149 30 97 304 222 14 385 129 169 362 42 400 109 300 78 56 11 383 315 142 307 100 191 23 312 165 189 379 210 345 304 153 51 215 336 106 205 94 99 250 257 356 165 69 186 381 267 366 380 111 
