40
1
0 
1
5 
1
-2 
2
-1 -1 
2
-2 2 
2
3 -3 
2
5 5 
3
1 0 -1 
3
1 0 1 
3
0 -1 2 
4
3 -5 1 1 
4
1 -5 1 1 
4
-4 1 -1 17 
4
8 1 2 3 
4
0 0 0 -10 
4
0 0 0 0 
5
17 0 18 -1 19 
5
17 0 18 -1 36 
6
8 1 7 2 6 3 
6
8 -1 7 -2 6 -3 
6
8 -9 7 -10 6 -11 
9
-2 1 -3 4 -1 2 1 -5 4 
1
-10 
2
-19 -5 
3
-16 -7 25 
4
-39 -23 -31 -24 
5
45 42 14 -21 -6 
11
17 -6 -106 -56 -78 107 66 79 54 4 107 
22
146 93 59 -217 -145 -216 76 -95 -170 -58 -128 103 125 159 -160 208 51 -165 -126 -168 -56 -11 
33
-153 126 322 -119 111 171 -87 121 326 230 103 153 319 97 150 -192 -130 -259 305 -273 -7 -224 28 282 108 -131 112 -121 0 -204 -120 -286 -204 
44
381 150 -195 -193 -220 107 430 -368 374 -398 389 386 120 -251 -61 -232 94 44 -377 163 73 -311 162 420 177 61 172 27 172 230 405 266 -184 288 -248 -244 353 182 -9 -80 407 110 113 -253 
55
-543 -132 23 -53 55 -359 227 148 -94 82 218 52 533 -540 -465 154 533 526 -440 -289 436 406 379 457 421 -299 -432 -447 -326 -125 -152 -497 -286 397 -338 -67 507 -11 311 -521 342 -335 -295 -199 79 326 394 104 -98 244 533 148 487 309 86 
101
57 -731 59 777 667 -885 -659 -742 -661 -987 208 -266 950 520 756 -866 280 732 198 337 -957 -943 11 -800 231 -541 542 -103 990 600 -693 -477 -102 287 416 220 907 -650 -106 -90 912 961 -905 -160 539 -829 282 -808 -862 567 -396 969 -740 -890 139 -864 540 127 -423 -918 14 -31 -87 952 18 -730 -936 82 586 466 364 -795 -162 406 -709 -974 -346 -553 265 -200 -21 313 -538 -583 577 -195 522 -146 -75 610 672 127 379 689 257 159 -340 474 -926 -516 -434 
202
-1490 165 -1702 -1025 156 1305 -212 -1714 -536 565 -814 1876 851 1861 1370 1493 563 274 -1206 280 270 -618 -1692 1945 -879 546 1117 755 -1763 -323 -1732 -1985 -1997 -1610 -872 1836 1159 1209 -452 -669 21 284 -1179 80 -85 -164 -202 -1065 -984 -72 -1796 -1200 209 1686 -433 -196 1253 674 -680 -611 -832 -732 -1865 1448 969 1906 -1922 762 517 -251 -1072 1929 -841 -905 -1772 -252 -983 -668 93 656 -1008 419 1732 1452 143 1801 33 -807 910 -1801 -1827 -894 -1605 -227 647 1965 -1851 397 -317 -256 687 907 -905 929 -1963 833 -987 649 1605 1713 1433 1156 498 -363 -791 -1033 1544 -973 1040 2017 1974 1784 524 74 444 -149 -434 -938 -304 402 595 1819 1715 617 -207 -593 -777 1505 -617 -1570 1595 -1985 -189 2 1787 651 -532 803 -1451 -1945 -1017 -43 1218 142 -63 -1654 -1095 -1801 -1962 896 -835 196 -138 904 793 208 308 1462 -1387 -1308 -498 -1050 -107 -927 601 1821 1642 -1302 -1462 180 -952 1773 1396 1888 1743 -1159 -1303 180 238 -1535 -1254 46 1007 944 335 -1959 -975 -1678 -1940 93 272 -1248 
303
-1714 -2683 308 1665 2967 2740 -53 127 -541 -1367 1711 -913 1782 972 369 -1603 2319 -496 -1037 -2115 365 1230 408 2621 -2268 309 -546 707 1565 438 1024 2544 -1943 -1472 -1264 263 -2164 -1114 -1700 1998 -724 -491 2217 2353 -710 741 -2350 140 1100 2165 2340 1490 2110 -488 -3011 833 -921 -2906 -1387 2652 -1722 4 -2790 2086 1906 -1837 -2235 -1347 -2927 -2601 -597 2830 2746 2793 1611 -855 -1899 -1127 -716 2814 -2464 -2363 2340 -2198 1471 77 2462 -1736 1811 -1337 1488 -2413 2470 -2104 1292 2089 -2729 -327 1293 2986 1406 -1963 -147 1512 553 -2726 -2040 1184 221 -188 -2331 -79 -2655 -2588 1661 1509 2730 -400 900 -261 971 1374 1816 2838 -281 -2730 -131 1323 954 807 -1308 -2339 2758 2912 1700 1417 622 137 1316 -2697 -2280 2964 -2151 2699 -757 -1051 590 623 2503 1839 -2257 -2674 -816 -516 1718 525 1843 -155 -1750 389 -1489 -2594 -160 -130 -1161 1711 -1005 1684 1413 -1377 1139 -1663 -754 -898 -666 -1162 -130 -2397 2876 -2041 1861 1919 1225 2161 -1866 -2539 -227 2163 -2727 1167 1133 770 2398 -2209 83 2786 1473 2192 2226 -2589 -690 -157 -2264 1699 -2744 1802 -2573 -174 2120 2540 2662 -41 -1997 2048 -1481 2963 -2765 2595 484 2243 870 1403 -1977 -2747 2351 -1477 -2904 -394 -2037 -1449 1765 2571 3012 280 2267 290 980 -2176 2543 795 1887 -957 2478 -2434 -1359 534 241 130 2351 -1707 2346 1542 2781 1745 -402 -1234 2884 2775 -1734 -528 714 595 -2969 -939 2096 -565 1700 296 -141 2792 -1086 1363 2647 -1674 -17 -2528 2689 1634 -2923 -2785 -2241 2419 1254 -273 1399 1947 -1123 2810 1509 -2966 46 3027 -1256 -1493 -2178 -2495 -2681 -1698 -1414 2063 -88 -547 2933 
404
-1636 3020 -2747 656 -2946 1962 -2946 -1449 -3432 -1893 3459 -2924 1545 144 3105 -3771 505 1869 1232 2672 -3131 -2473 2690 2024 3283 -391 2596 3046 3378 -189 -1590 645 879 2134 -1902 2514 787 -7 1180 2215 -3628 -953 2697 2226 2429 1586 -3970 -136 3296 1612 -3737 3204 2094 3959 1333 724 -3922 -3838 -3958 -3791 -534 -352 173 -3763 1952 3233 2237 850 -1780 3322 -759 899 1246 -795 -1252 -560 3777 -2841 2048 2433 -3508 -1983 -1953 3125 -1840 3005 3732 -3793 1722 -2844 -2365 -652 3391 2720 1675 1048 3965 -2496 3891 3259 -1440 149 1612 -2308 -3385 3337 3026 3958 1273 1700 3231 1272 -3726 993 763 -588 -1227 2144 3279 -1895 1723 2051 3695 2033 -2380 737 1880 3909 3687 -3469 -1030 -1678 3849 625 3084 -196 923 3827 3506 3040 -849 841 -2056 -1716 2909 885 1607 -3950 2834 -2410 3805 3569 2971 -1627 1932 -1375 73 -728 -554 -3118 -2757 2187 791 -3986 436 3636 -82 3293 1421 -46 -2956 -1412 2558 3494 3073 1266 1634 1237 -2305 479 2076 -1018 1635 -517 -3119 3014 -1649 -3650 4012 1165 3910 3059 -610 3970 -1212 3017 1600 -3641 -3853 1587 1773 2422 -2093 3598 1836 -1660 3314 -1215 3067 2635 3102 2460 -3662 3806 2205 1537 694 -2865 -686 -414 -3585 -2456 704 720 888 -3499 -643 -1526 4039 3640 -1397 761 -863 3700 -2640 -2778 -3679 3200 994 577 2355 3144 1271 3732 3867 -828 3888 -1446 14 676 -3287 1778 -2943 597 526 -1711 1270 -2989 2949 -472 -2714 -460 -2351 -3818 779 932 2749 3805 2425 832 -534 -2857 -3779 -3461 247 3630 2971 1775 -1550 526 -2698 -3488 -1041 1159 3268 -4024 -1065 228 2089 1835 1846 3423 -3085 2538 1724 -3696 -3285 -3171 -247 3549 -2047 4022 3103 -733 -1755 -1236 1683 -1808 -2883 884 2031 -2235 -3405 -1784 -898 1638 -3758 -1527 596 1176 -2932 -3291 -1897 -3086 3252 -3951 3236 -2455 -3966 -1670 -1793 -1506 699 -3199 254 279 -1105 -1441 -492 -3228 -346 -2142 -83 2202 2622 -1095 408 3384 -621 3535 3118 -103 -2777 -2380 2656 3868 930 710 -3933 3546 -6 2223 1113 3990 -2066 1306 -2213 -2376 -2141 -2579 -2576 -3097 -734 1176 2662 -1106 -3441 -1852 -2023 3273 -3857 2981 -2948 162 -1453 99 3002 -3628 182 2982 -195 -3945 2016 1445 -3889 -1118 2526 -3023 2704 1398 3149 1966 -511 2679 
505
17 -3259 4671 -3786 -1461 2333 3306 -2770 2669 -530 3710 -1938 1196 4233 3035 -4375 -533 -4074 -1622 -155 -5041 -2469 2271 -1683 -3497 -1867 3841 1895 -4933 -3785 1918 4037 1388 4847 4402 2933 -3508 -3864 -3753 2249 -3390 -4497 -4955 3790 -1499 2096 -3217 -4149 -1723 -2869 -2738 1063 3242 3757 -3284 3722 2195 513 2611 -3686 -1520 3529 -4901 949 -4874 -2163 4370 -2075 1830 -1794 2 30 -33 -62 34 3254 -1051 1994 -4641 2004 -638 -891 -4557 1288 -4026 -871 -2347 2564 1877 -51 442 3151 -4041 -14 -4523 -3281 -1302 -257 -1423 2446 4309 4349 4553 -4192 300 2852 1202 -3537 609 -2284 -4713 4629 -3596 -3521 0 -2427 2755 1105 1305 -3367 -4089 -1620 4393 2028 4098 2137 -2935 -2459 -2967 -4268 -2922 -3017 2904 -4468 -204 -1974 3133 -4376 4766 554 -1803 -1728 635 -4979 -3881 2657 -3630 -3535 2033 4425 -1366 -4143 155 -709 -122 -441 -4263 3814 1182 2475 3363 -127 3562 1577 875 713 -4501 -1860 -572 -1228 472 -710 -1889 54 -128 452 -2185 -2869 3784 1440 -3494 4019 -1988 1055 633 -168 3399 -475 -1734 1507 -3747 -3702 -4085 -61 -171 -4500 -4573 -4174 -1365 -1549 573 -3821 -3415 3665 -1530 2111 1582 -4031 1506 -1374 -376 334 793 2401 -2380 -4192 -3597 3626 -46 -2535 -1973 4458 3385 4935 1183 -4895 -3456 -4643 -1851 -2601 -1647 4470 -1774 3573 -2537 -3771 -3736 -3955 1452 2700 -199 -3131 -2469 579 3256 4742 2707 -2543 4487 -2140 3161 -1588 438 1659 -4689 1847 3260 -4048 464 -3058 -454 1709 1212 2253 -2925 2510 854 -2897 -4522 1245 2478 2115 3510 -1840 -2860 -3565 1470 1130 936 1178 -2959 -3602 -2640 -602 2638 4957 2823 -3285 1738 -672 -3537 -4557 1804 -2414 871 3734 -426 3686 -2107 -4741 -1030 4281 -69 4268 1007 4929 -892 -710 -235 -661 -396 2895 1883 4304 3391 -3154 3343 -3911 -1762 -2739 -858 3386 -4186 -4216 1292 4353 -4163 -3539 -3925 -3568 3645 -2963 1319 -2917 1318 -483 -1132 3415 -2518 4895 -3347 -303 989 -725 -500 -4824 -4927 -3326 -4543 -2859 -879 -615 -4241 -2521 -4462 -426 3595 3342 -445 -3674 4999 1683 -1270 538 -1319 -3336 3959 4338 -3740 1357 -2567 3224 -2844 -4915 -3062 2766 -4021 4520 2690 -736 3767 2554 -2423 2200 -4949 -2365 4024 -2044 -4321 3916 4941 -236 2363 -3656 -2445 789 1602 24 4843 -1988 3163 -4767 2690 1620 -1981 -3928 1638 1428 -2365 -4028 -356 1924 1667 1787 3118 -4539 -4467 3446 142 -3502 -904 -4819 4824 -3682 2351 -3440 -1942 -156 4471 -3283 3338 -4197 4408 3024 271 -3522 -2436 -1856 4054 1562 -3783 246 3236 1356 2074 -480 -2671 -2730 3827 778 -742 -2065 -960 -796 4269 4119 4343 4506 4129 -846 -4140 4084 -1518 -1313 567 3609 -4047 -901 865 -558 -4711 -2350 -1024 3785 1483 1292 1985 -4548 -3299 -1124 -3280 4633 28 1690 2727 301 616 4102 3257 -3939 482 -198 -3776 -3454 -3381 -4419 75 77 -3461 -2730 -3161 -4409 4054 2416 -1641 
1000
-7911 -1320 2611 5132 9653 7755 -5082 -5687 1196 -5288 -5565 6370 -4272 -6437 -9303 2055 6530 -4058 -5394 7620 -561 -743 1700 -3216 -3202 -2731 -6338 -3353 5294 -6582 -751 -2440 -422 -2539 -4937 -893 6528 -6606 -4968 6656 -125 -5885 -3315 5113 -561 -4933 -3969 -6718 -837 -5796 3438 -6903 -110 1621 4183 -2842 9366 -644 2485 -2664 -3524 -3595 -7738 9361 1790 -1364 -1483 -9361 6287 -115 -4850 -3154 7599 9682 -1133 -8867 1793 1338 8794 -6799 9403 1372 8043 5910 -7330 9531 -5233 -6520 -2842 -7910 2730 -6774 -2522 -9103 -1497 -7280 716 9953 -5486 -3945 6442 -9884 -5205 -1665 6679 4362 -1380 -1991 -8046 9248 -2369 -1478 842 -8976 -7954 5075 -9382 -9040 -9515 2849 -6759 4469 -7800 9736 -5295 4169 -1194 -2852 -148 1885 8764 -4637 9625 -8382 -4260 -2598 -6301 2130 -2257 -4237 2506 -5229 4507 -6745 -8657 -3937 1534 -8408 -1075 -8706 -3854 -6506 -2285 -4555 9460 -5737 -5850 -6332 1790 -6078 5897 5930 9429 -2212 -9181 -5141 -1401 -1307 1215 2452 2198 1937 -1618 -8707 -2542 -226 275 -653 -6014 8445 -4863 555 2637 944 -6114 -2237 6168 -3808 -309 -5753 9382 -9018 -7416 142 8840 -5464 -4334 2183 -8234 -5847 -3955 -1415 7641 -546 9641 9607 5069 520 -2562 -4175 3813 9530 -5316 7875 1391 -6439 -6206 5192 9211 3052 2029 -129 4055 3569 2386 -9167 -3748 -6737 9388 -4957 -4755 -5907 -6248 -9658 -577 -1246 -1312 5143 -3532 3534 -327 -4060 7885 -9273 5352 -1909 -2849 -9163 -9016 5290 9637 2656 8047 -5328 -5641 -246 -6259 -7428 -9382 5308 2329 -3872 -1481 -3877 -6903 261 -177 -6044 -6946 -9260 1329 9686 5322 -8846 -5534 2667 -7190 682 -4794 -433 -6730 -6129 -4577 968 -8550 197 -3376 443 -6170 -6282 7816 -3244 -2813 8941 9916 -3782 -7353 -8097 2515 -6068 -1846 -8886 8169 -7319 -4070 6723 -5715 1360 2317 -8532 -310 -627 -8331 -4987 -2993 -1303 -8935 9861 490 -7861 -3136 -9111 -4880 -9855 81 -7316 -8926 -9581 -5831 920 -9132 -8768 -1011 -6083 518 -943 79 3392 2228 -9666 9784 7509 4214 -4519 -8533 -7890 -9312 -6995 -3632 7255 1676 -5820 261 26 -4966 -2775 3946 -1560 -8588 5900 936 7389 3479 -5140 -8788 -1322 750 -6287 -3211 8464 -9888 2331 -9295 -563 6767 -1287 1156 -1481 -6472 -9733 -3575 610 3678 -8502 2941 -5741 -5781 6197 -394 1930 -808 -8402 4955 -3759 4805 -4202 2834 -3202 -6516 -3913 -7887 -2501 6684 1010 -1533 -4703 351 -5577 -3739 -317 1215 -6693 -7348 -9968 3305 1862 -7441 -1188 -9264 -5523 -2528 1815 -2315 354 -261 -4864 1767 1479 -5788 2621 484 9511 844 -5684 -9622 -2457 -1195 -1165 4045 4634 1046 -8994 -868 -300 -2879 -1430 -9326 -2429 -8957 -5603 -9362 -4070 -8627 -9670 -3754 -7699 -5232 5522 -1789 1316 -9171 2363 226 -8151 -6258 2055 3800 6789 2576 -5393 -2528 -6870 -9790 7215 -3174 -7599 1489 8374 -3547 358 -9243 -4483 -8629 -829 -5274 953 -2465 412 -6206 2635 -5084 1175 -3948 -353 -9971 -665 -4162 6582 -757 50 -1479 8411 802 -5169 3790 -8708 -6465 182 8066 -8227 -8150 952 -3369 4933 -5453 -3505 6066 732 -771 -3982 -3462 4439 2350 -9399 -7167 2739 6060 8265 8135 7552 5930 -9384 7738 -384 7516 4721 -511 -5520 -9037 -8337 -1253 -1498 -316 1218 -1499 -804 -8530 -3352 -3718 -341 -9389 -9478 -3010 988 9614 -6110 7548 -9925 -6041 -6700 -6867 5646 -2753 990 3675 -9467 -2830 -9385 -3482 -5423 -3329 1281 552 -9832 -511 3084 -1226 -4118 -4096 -9644 6918 6832 1516 922 5111 -7710 -6201 4552 620 -796 -9018 -3596 -5158 2567 9041 -2644 -2332 881 4337 -6835 -4411 -2361 6218 1620 5615 -6977 7942 6843 3057 8057 -6989 -2435 -899 -5711 4016 4284 -404 -2317 -9370 -220 -4103 -9391 -5072 -9331 -6762 1044 8553 649 6173 -3280 2429 -8618 -8317 5212 -6212 1715 3959 -3744 3962 90 -1537 -4657 -7887 1899 -919 -1289 -5434 3271 -6587 -8011 -8946 -6785 4046 3887 -1391 3724 2567 4829 -7282 2719 -2003 -185 -7361 4348 -9781 -1834 8797 -1884 -2040 930 -7449 8784 8073 -1612 -9473 1732 -1775 1416 -2601 -6621 2733 3825 -2582 -1218 -849 1569 -788 -5677 7514 -1304 935 -2602 -5698 -8961 2239 -8793 -9116 5629 -714 -8947 2347 -16 -7980 -1052 2004 6097 -8570 -879 -1444 -4402 -2711 -4297 -9240 2830 1761 3021 2118 -7468 3405 8527 -7438 -4320 -1538 -6733 -330 6975 6278 2240 7637 4986 8526 -2791 -3030 -3471 1226 9441 811 8398 465 -1895 -3853 -2607 -7674 -8595 3906 -332 7516 -7246 -8261 -5875 2233 -9243 -9064 2604 5788 -2943 5502 -2225 -6885 -4980 4871 7412 -8819 2481 -7671 3852 -432 -2517 4853 -3758 -7038 -6360 -2273 -5191 -6091 11 2847 493 -6654 -8749 -8073 -9964 -3781 5503 -938 82 326 -2520 1085 9304 -2810 -40 -5983 -7660 -8389 -5255 -1486 -5655 -7475 7598 -2312 -5627 -4346 961 7909 -6738 -6017 -4420 -3000 -9217 -5157 -7299 4480 -5870 -9736 2852 -5132 -8548 -3579 -2002 -4706 6530 720 -1402 2477 5762 -8895 -1668 -9268 -2191 -6645 2671 -8385 -4208 4964 -6546 -1872 2808 -2198 3302 -8249 4274 6224 -8430 -1985 4910 -2951 5724 3319 -622 -190 220 -6812 4596 -768 -5756 6386 -3611 7880 -5984 -3455 1451 1394 -1578 -6799 -5477 7010 -744 -9530 -9091 -8832 1200 6756 -9809 -3064 479 -8196 5521 4264 9870 -182 2012 -8540 506 1116 3287 1566 6870 -3849 -7740 -2924 4559 -5832 -2880 3754 -2130 4983 -1620 -7927 -9819 -7857 2439 5961 130 -9596 -2915 -6645 -5974 -9763 -3486 -8790 3876 -5965 -1470 -3500 -8335 1610 -207 -2894 -1787 -9083 4139 3536 -3600 -5833 -5928 6393 7933 -9002 -2097 7363 -7202 -2826 -5859 1835 -1753 -175 8997 -6751 -3972 -2707 -4150 -2263 1925 -2854 -5334 -3017 -4280 -8743 -9586 1316 1145 -6971 2110 -3742 -9270 6698 6203 -9719 -9943 -3207 -4280 9781 -8180 -4225 168 -1007 -2395 884 -9010 -3149 -7719 -5165 6129 -8532 -8968 -9238 -8353 -871 -3322 -9936 -77 -8098 8601 4636 -1016 1173 -344 -7434 4816 -4767 -8706 3878 9953 393 -7754 -7787 -688 9248 7555 
1000
947 1921 8553 -498 9848 -5411 -1126 -1720 1830 4486 -1150 -3306 -2376 -569 3718 6351 -1675 -5874 1136 -9970 -2300 5856 8842 -2942 -4731 6978 2725 2754 1407 -6692 6658 -9718 -3881 -3866 2442 -3615 -5567 -6886 8670 1881 9436 -3543 -5483 -1796 -8586 4693 1092 5763 -6283 -4836 1465 -2074 378 2673 -758 61 2720 -271 -1069 2941 3396 -9771 -8642 -6430 -8759 68 9534 -9158 -6952 -3476 1182 1815 5231 -8145 -9632 -5437 -5965 -5597 7200 -8966 -6361 -3723 -1127 -2437 -1532 493 -6582 -1386 6718 -3367 -6372 -7317 -9428 1090 9564 -1964 -1811 -2653 5005 1 -4730 -1251 -2719 -5274 -3160 8771 -8602 1106 -5094 -8103 -7006 -801 -4814 1605 -231 -3793 6024 -5284 -6637 -3370 2023 -95 -6109 -4459 449 -3987 2499 -2873 -6255 -9075 -6273 4671 1328 -8876 -7149 -974 7858 -6455 -4300 9617 -368 -383 8275 121 -8577 7379 7488 6511 -8851 5383 7150 5319 -638 5552 -7338 -8477 2891 828 4703 -2876 24 -7991 -9732 411 -7262 -4839 8151 -2976 -3855 -919 2125 1095 637 -4288 -2151 -3503 2452 -7451 2294 8640 5371 9939 -3841 7021 -9033 5070 -1895 2621 -1585 470 9557 2672 9580 -1636 589 -773 -7264 -1289 -7080 -7206 1071 8240 2621 -7010 8235 4673 -160 2157 -1191 -4603 8612 6443 7036 -2294 9554 -8621 5041 3748 2550 -5493 -105 -8250 5452 5718 -3532 -2286 345 -3190 -6923 -1903 1277 7078 -7564 -4033 9897 4734 5088 -6070 -8790 -73 -1930 4155 -6671 -7015 -7626 946 2573 -833 4053 7897 -4748 7605 -213 -46 6862 3805 3482 -2894 2122 -9167 -5529 3219 -3186 2382 -152 -60 -4710 -7795 -8252 -4444 -8827 2069 1013 -850 262 3312 -4494 -1738 -9001 -7077 -790 -7914 -4837 -6749 1203 -3294 8802 76 7685 -8157 964 -6285 -1088 -317 -5260 -7657 -3885 -2845 -167 -6733 1121 6262 -9450 9841 2685 -9336 -2616 -3847 -9864 -8804 -3302 -914 -2309 -2557 5397 -9699 -394 -1727 -400 4974 2107 -1745 -2221 3262 4582 4970 -1960 -2098 -4450 -5432 1486 -3301 -1538 7400 7940 8402 -5897 -6163 -3164 -548 623 5934 3774 -8608 944 583 -1241 -4244 -4418 -3374 -4639 72 -4248 6459 -5764 -2444 -3519 1199 -4226 -8874 6734 -8777 -4865 -6741 -7550 -2268 2488 -9793 -6680 1001 -1250 -9630 5378 -6702 713 1946 6384 -8086 4987 -5866 -5167 -2687 3804 7012 -2575 2065 -2135 -7165 -9734 666 -2448 -1382 1453 1657 -7401 8458 5815 -6577 -6116 -1151 1595 -8957 -3648 -4717 -1003 -5713 -1755 -9854 5697 -9899 -2025 -6363 -4583 -5645 -5110 263 -866 -2761 -1343 5615 1177 -5227 760 -1887 228 1430 8156 5954 -8061 -4716 -6570 -319 1685 -3358 3633 2547 -4333 -3759 -6822 -6238 6542 7601 -5916 -8321 6044 -4652 -2574 -5635 8857 -360 -9234 -9441 9575 -2138 8860 7411 -9383 -5640 -5292 4153 2094 1528 7438 9191 -7679 5968 -6792 -1329 -5310 -5029 1166 -3840 -1924 -2110 1068 -5106 2243 -3641 763 7756 1608 -9285 3573 4320 -6294 -3851 -1372 -2857 -3852 -9179 -5140 -2087 1602 9478 2764 -3303 -731 -6255 -5375 -2323 491 -134 -5428 -4763 5431 2708 -3628 -873 -9803 7032 2031 635 1140 -7064 -7681 -7242 -3061 -6741 151 -9225 9087 9447 -6327 -8695 -795 -7837 -7655 -2881 -8501 -9807 -7345 -2730 2612 -3982 -4328 25 771 4815 -5625 -8857 -4324 -7283 4439 4340 -5596 2566 244 -9046 -5007 -2543 -1472 -2629 -9569 9891 369 -2384 -4000 1723 2427 -92 -7751 -681 -2066 9904 -9815 397 3455 -379 6700 -6473 -8087 -9247 -4898 -2128 -2729 -9732 -4606 -8644 -3556 -9564 -4059 7180 -2300 -8408 2689 -7166 -4432 6584 -1797 466 7036 -1587 729 -1079 9092 -1053 -4241 -5389 1284 -4047 -7145 889 -8313 -9615 -2749 9894 -7941 2656 -5931 -7914 5249 -8052 5745 -26 2158 -4599 9864 -19 -4884 -2841 4383 -4656 -6492 -6717 -9584 9523 3384 -3014 -1296 -9558 -5230 2081 -2388 -1736 -2844 -4485 -9515 -4712 4713 -8668 1892 -3145 7913 5450 -4519 -3675 -3069 -3642 -8068 1293 -978 4744 -9006 5186 -4742 -9234 -2006 -9032 532 -8646 1809 -1219 8370 67 -4684 -256 4876 -2998 -6180 -2032 -6617 -8273 6297 -5044 9852 -2650 1350 -4172 366 390 -9623 -6712 -8546 -513 -387 -8247 -6522 2710 7180 -1403 -2817 -6932 1917 -6541 7081 1402 -5417 -6792 -603 454 -8611 -7979 2306 -6194 1753 537 -6590 -9495 -8095 8251 -3117 720 -4586 742 -8190 2455 -8601 -4076 -4561 -4509 4894 -5699 1379 2361 6524 -7055 -3552 6578 7229 -6905 9430 -6540 -317 -3828 -3746 -8571 -6833 -9529 3395 -4711 819 766 -6850 -3827 -8473 -3312 -9118 -3305 -1831 1510 3425 -611 -7672 2701 -3611 -4089 1010 -5179 8095 -16 -7891 9333 7849 -5473 307 8258 -6682 -1476 -7518 2657 -3993 -7009 -5885 -343 213 -8827 -6359 716 3626 -5529 -8677 -8568 -8673 -8019 6645 7737 9646 -7616 -2421 -7630 1422 6077 -8718 107 -2778 4143 -5543 1819 -2337 -3683 7610 1546 4376 1348 1240 6915 -8640 -2559 -3519 -4859 221 4497 -7084 -8446 8053 -3558 -727 8843 -7258 -343 -914 -9248 -3625 2144 -6160 -9839 9812 -7990 -487 -3261 1234 -2833 7967 -5682 4091 -7153 -1542 -9134 -1273 -2168 -2024 1601 9479 -2536 -8178 -5921 8585 1548 4848 -758 6967 -3474 739 7003 4512 5540 -7919 5262 9275 -2950 -323 1372 3752 -6502 -8297 -5292 -5095 -3577 -5612 -4448 2227 -4735 -2443 -2775 -4563 -5015 7568 -318 8451 -3862 5038 415 -9466 -3467 -9901 1095 -367 4750 -7428 6667 1730 -5372 -8499 4885 -3447 -9433 5710 -9758 732 -2538 -6167 -1419 -4917 -7275 -3840 -7068 -6471 -1047 -7967 2615 -3510 1885 -2515 -5134 -8644 -4795 -1853 -7890 -5615 -4441 5084 2190 4693 -3437 2194 4913 -1253 -8003 -1624 -8830 712 -9437 2887 6041 -3402 -8435 -2075 667 8884 -3359 -5013 68 2089 -6705 -4202 -8341 1506 6217 2684 2072 -3573 -7881 6421 -4862 -9097 -3345 -8686 -1798 2759 1474 -401 -5700 -150 -7692 -8943 -9645 1086 -6799 6791 630 3554 -9925 -1454 -6126 -4826 -3995 -6610 -4656 9984 -9244 -6135 -7892 5029 -4122 9362 -4627 -8268 5151 -3691 -8330 -3977 9986 2475 4697 -8858 -9803 -7024 -342 8940 -2585 
1000
-2865 -5955 -3474 -3974 4420 -9494 -2711 -9816 1345 -8500 2716 -6301 -7505 -6476 -5530 -6114 -4583 1016 -6222 -5718 1445 -8656 -9648 -7582 -5628 1214 -8252 6477 -9906 -4342 -6139 -8712 -9626 1462 -3522 -3349 -2267 -624 -550 -5632 -9454 -507 -4672 9133 -2730 -4971 -7656 -8445 371 -1556 -4967 -38 1640 -1041 -7428 -9045 -8605 -9035 -9778 -158 -5486 -4233 2867 268 -8876 619 -9282 1620 -4036 -9296 -8478 -76 -4915 6947 371 360 936 -2791 -444 -5633 -4025 -6643 3185 7319 4168 -4647 2818 -6618 3918 -5147 -2419 -1795 -3773 9276 -9252 9867 -1726 8581 7314 4285 -3820 8720 -3320 5519 -9446 2511 -5442 -99 6892 -1945 -9681 -4901 2718 1415 -9918 3462 -5813 6009 1770 314 -7251 2039 -5467 -1307 -725 2879 5611 -1571 6679 3434 194 -7251 -6667 -1543 5877 -6283 -5953 8625 -2938 -3276 -3576 -7032 -7839 -9570 2593 -2399 -9963 -8047 1977 -652 -3812 -7569 -1495 2706 419 2116 3888 680 1636 2666 5465 -8478 -7015 6031 -6972 658 -3856 1619 -1371 -4017 5689 1781 -2360 9220 7622 -2897 6327 5153 1521 -7199 -8131 -9867 608 -5684 -533 830 2569 -8734 -2885 5888 8020 -646 -269 -7019 -994 -2105 -5077 7940 -2176 -2549 -8364 -3693 -6535 -3064 2065 4258 -1918 -841 -1082 -4430 -66 -4770 9915 1603 2881 -452 6489 -4124 -5820 -1850 -3342 -2578 -7201 5334 -3925 -3796 1270 -6975 9332 -2442 -3728 3978 9139 2343 -9648 -1194 810 171 -1763 -992 -4198 6906 4838 -9554 -9314 -9436 -3070 -1629 860 -6132 3676 3991 7042 540 -2675 8580 2602 -9393 1420 -3615 -8318 -3055 -4315 -4906 -9588 623 -2297 -6778 -2657 -3546 -2207 -2578 -7785 -7296 -8979 6106 -2293 9538 -2771 2797 -1861 9087 -3595 -6305 -3795 -3793 5194 4366 -2151 -603 3561 -1677 9762 -1828 809 -2475 -5467 5940 6566 2463 -6986 -8292 -7465 -3059 -633 303 -8097 -6453 -4211 -2619 -6740 8735 2624 -3166 9115 6916 -1088 -8271 -8390 -6438 -7074 -5962 1490 3933 -3527 -7583 -3068 -7468 3782 -5890 -2316 5258 -171 -6988 -2909 -3231 -8334 5295 -3870 -8378 -6838 8661 -1115 -607 7345 6207 1011 -5776 -6657 -2646 -7674 2642 2145 -5748 -6833 293 2607 -667 2653 -1962 1944 1974 8729 2319 -8921 1015 -4431 -2123 -9439 9829 3742 -2665 -9588 -2953 -9792 -9187 -5929 1789 8231 -6296 -8266 -4799 3639 -1860 8556 -915 716 -7369 -1458 4915 2651 6502 8773 -5371 1532 -1961 -3758 6541 -9081 -398 -998 -8454 -8293 -4796 -6759 -6376 2181 -2598 -1158 -5276 -8932 1593 2505 4800 2388 -575 -3292 -9694 1484 -776 -7460 -7440 3850 -4022 -8944 -3503 -5144 -1207 -8383 -9411 -7826 -357 3142 1879 -542 -6572 -292 6878 -2469 866 -6335 -8355 -481 1638 898 3084 -8508 -8534 -108 -3758 -1316 -9039 -2014 -4153 -2452 -2644 -1210 -5278 -2844 -7060 -3080 -6736 -3861 -2531 -9363 516 -2182 2192 -1481 2703 -466 -5960 -715 -7023 7733 1274 -5494 -8370 1651 -7937 132 -6524 -3714 -981 616 222 -2706 -5645 -3764 -9759 6582 -246 -1311 -2386 7403 9214 3414 936 74 2592 -7559 6102 -9694 4297 -2049 -7066 -7675 -2852 7111 -3344 2404 -2619 -6278 6853 -8640 5485 -8714 8541 2711 1830 -3606 -2220 -7322 490 1348 -1444 2161 -7227 6602 4877 -1858 -9523 -6811 -2217 -7489 -9862 646 -6013 1306 -4876 -3455 1784 5539 5352 -7073 7767 1734 7199 -1261 8301 -499 3632 -4534 -5210 -5313 -7147 -5560 2888 -1143 9948 -400 632 -8070 -9091 -6235 4800 3825 -2635 -7376 -5900 5146 -9719 -1471 -4722 -5547 -2195 -8487 -4123 -8902 4681 -8696 4406 -4390 278 2226 -1954 8776 2064 -138 -6892 312 -2936 -2222 -781 -7257 -7365 -2174 -2860 -6469 -9855 2344 3325 -1524 1382 -6096 2813 -6909 -3363 -781 -905 -1629 434 7966 -834 3366 -415 -9653 -188 807 5959 4632 -1940 -1176 -3946 -1992 -1787 1581 -852 6915 9436 5929 5477 -236 -5561 91 1936 8629 7464 407 -3424 7285 -8107 -6135 643 -5478 -6000 -2665 -5031 -6690 -1090 8039 -4578 -6350 2293 5537 -24 -8570 3448 -1930 -2376 2157 8193 -8607 426 -3651 1244 4012 1903 -6218 4187 6967 -2051 1220 -3002 -9644 -6523 199 -1198 -9066 -90 -6672 2421 -9811 -511 -3059 3931 4905 -9108 -375 -5454 2599 -8311 -2962 -9911 -6389 4890 -7700 4098 -4344 -5075 -7202 -1893 -1654 8384 -3028 -1839 -7988 -3681 -6197 4269 -7411 -6512 1355 -7085 -3327 -5292 -8653 9570 1929 294 -8794 -7845 -5816 -282 1224 -3552 -3186 -103 -3448 -1150 -2632 9395 -5771 -6541 -1031 6636 -9711 -5373 -7300 -9766 -3504 9577 2337 384 -8457 -7714 2767 -4220 -2870 -7852 9388 1439 3526 -7589 8773 -9000 -7095 -6774 -6988 1010 -7690 -4861 1188 -9852 -2721 -9815 -4497 -8470 -7107 -2274 8743 3805 -7141 -6996 -4773 -7427 -2147 -2080 -8261 -2317 -5860 311 -1099 5951 9905 -1988 -7998 -4892 -8013 3794 -6939 2156 -6780 3629 3315 -1523 -4792 101 -1009 -5275 -295 1517 -4905 3759 1528 -9760 -380 5934 -2557 -6242 -8978 782 111 -3722 2639 -1715 5166 -92 -791 -5770 -334 8926 -4407 -2672 -7274 3241 2413 -2348 -8071 -5872 -4509 707 5451 -6153 -3594 -8424 4556 -5619 -2813 -1891 8979 6466 4977 5723 -7635 -2024 -6688 2964 5639 -9924 -2879 3604 -4979 1271 -1914 -8349 243 6687 1306 7392 2004 -1102 -8395 -7669 8059 -9178 -215 -7581 3584 -9604 -9854 -2127 -7375 2035 2123 4065 -8356 -4796 4179 -4360 -3615 -5717 -5071 -3387 555 3651 262 -7983 8391 -5066 -5789 3867 1287 147 11 -249 6963 2337 3738 -1035 -1862 -1039 -442 -5935 4523 9179 -6557 9354 -1725 -4830 -5426 6501 -1560 -6214 -6781 1394 53 -9235 688 1982 9591 -4490 -3890 5228 9049 6554 6701 -1283 -9671 -690 -3537 9272 7334 1561 1495 1127 -4925 -4065 1317 -8420 -7826 9724 -2856 -3137 -128 9169 -4961 2531 724 250 -1524 -5899 -533 -1335 -4923 6074 9679 5903 5444 -2184 598 -6314 -9678 1681 938 919 -7424 -6438 -2106 -6934 -9419 9954 -3326 8120 -452 -4654 -8044 -9034 7597 8289 2125 3318 -6716 4831 7917 1205 -5584 -9778 -78 -3846 -3915 3997 3410 -7100 139 -7315 1068 -6665 8264 4242 
